34ae0b61b0d8aaf2d7b20fded0142d7a
-0.014512,0.000375,0.047090,0.998851,0.003123,-0.023351,-0.041736
-0.016197,0.019820,0.039895,0.293246,-0.026556,-0.114947,0.948730
0.001012,0.010616,0.045480,0.873230,0.016549,-0.078744,0.480619
0.019339,-0.002264,0.046782,-0.642024,-0.009987,0.022651,0.766285
-0.022337,0.007554,0.049888,0.845362,-0.047834,0.027782,-0.531323
-0.010392,-0.030884,0.037883,-0.001086,0.000303,0.085334,0.996352
387b695db51190d3be276203d0b1a33f
-0.025569,0.001536,0.052678,0.709854,0.027873,-0.031114,-0.703109
-0.007867,0.007706,0.046149,0.994552,0.019387,-0.102399,0.002382
-0.026138,0.001114,0.051451,0.750601,0.062071,0.001505,0.657832
-0.007624,0.020778,0.041526,-0.049435,0.006116,-0.017527,0.998605
0.015854,-0.003028,0.041633,0.693064,0.051575,0.010368,0.718954
0.013114,-0.000735,0.035582,0.748194,-0.017039,-0.080345,-0.658377
-0.016347,-0.018489,0.041358,-0.201530,0.002891,-0.005267,0.979464
-0.011763,-0.030382,0.034172,0.994949,0.005596,-0.099869,-0.008443
6faf1f04bde838e477f883dde7397db2
0.007004,-0.003506,0.041135,0.729945,0.047397,-0.031952,0.681112
0.006601,-0.003700,0.046364,0.707483,0.005260,-0.023557,-0.706318
-0.008703,-0.002999,0.042490,0.999210,0.011734,-0.037716,-0.004266
-0.005269,0.003308,0.040808,-0.026507,0.015944,0.006396,0.999501
738d7eb5c8800842f8060bac8721179
-0.002449,-0.044495,0.036135,0.986562,-0.014855,-0.057070,-0.152374
0.000117,-0.032508,0.038343,0.000164,0.004151,-0.031210,0.999504
-0.000686,0.028329,0.032802,0.025539,0.017757,0.007376,0.999489
0.000568,0.037715,0.030780,0.999412,0.012834,-0.031606,-0.003400
-0.003193,-0.001834,0.037665,0.994036,-0.002819,-0.006962,0.108789
0.000852,0.034002,0.030931,0.799261,0.159062,-0.199678,0.544068
74221bae887b0e801ab89e10ca4a3aec
0.000735,-0.038330,0.040234,-0.007816,0.012255,0.006801,0.999871
-0.000503,0.005572,0.041439,0.998844,0.007089,-0.038689,-0.027648
0.000692,-0.038645,0.040098,0.999924,0.008669,-0.002658,0.008335
0.001503,0.010559,0.039810,-0.021375,0.025561,0.025167,0.999128
0.000752,0.048105,0.041585,0.742534,0.174288,-0.271888,0.586809
-0.000898,0.040078,0.032705,0.291222,0.423799,-0.151349,0.844203
-0.001801,0.049082,0.042076,0.871152,0.026464,-0.482444,0.087419
-0.000764,0.047705,0.029723,0.624691,-0.378407,-0.389022,-0.561455
7446fa250adf49c5e7ef9fff09638f8e
-0.001796,-0.038345,0.033953,0.996947,-0.005536,-0.052969,-0.057106
-0.001167,-0.035146,0.033838,0.058681,0.002511,-0.011735,0.998205
0.000314,0.038020,0.031795,0.058033,0.062614,0.007853,0.996318
-0.000592,0.037930,0.031948,0.999686,0.019681,-0.005250,0.014618
7746997b8cfd8d11f4718731863dd64d
-0.000011,-0.040414,0.029308,0.035639,0.028727,0.003807,0.998945
-0.001764,-0.039867,0.028313,0.996522,-0.014486,-0.024842,-0.078208
-0.001296,0.009087,0.032766,0.046051,0.148557,0.014212,0.987729
-0.000569,0.016025,0.027017,0.971978,0.078409,-0.023588,0.220351
0.002391,0.016971,0.031549,0.945541,-0.031408,-0.081145,-0.313659
-0.000101,0.027333,0.031860,-0.474304,0.107191,0.072870,0.870767
-0.000458,0.029479,0.029245,0.707137,0.005827,-0.013067,0.706931
0.000221,0.036728,0.029760,0.656180,-0.332928,-0.454915,-0.501637
799397068de1ae1c4587d6a85176d7a0
-0.000194,-0.038852,0.027258,0.989630,-0.003982,-0.142395,0.018470
-0.001450,-0.038748,0.027449,0.110223,0.180554,-0.022056,0.977121
0.000374,0.001909,0.029539,0.980544,0.002975,-0.188246,0.055567
-0.001111,0.003182,0.030599,0.322466,0.209749,-0.065579,0.920717
0.000642,-0.040964,0.027230,0.831522,-0.107991,-0.138650,-0.526959
0.000294,-0.040595,0.026688,-0.427433,0.212004,0.092581,0.873948
-0.000290,-0.033682,0.029440,0.662651,0.299387,-0.324875,0.604746
-0.001179,-0.023951,0.030606,-0.064864,0.631731,0.061754,0.769996
0.000231,0.032171,0.025963,-0.487649,0.355377,0.235895,0.761748
0.000366,0.037024,0.027566,0.712866,0.281854,-0.390392,0.509878
0.000699,0.030694,0.026215,0.818255,-0.171170,-0.399701,-0.376029
-0.001566,0.044040,0.027846,0.319740,0.296368,-0.145315,0.888153
8012f52dd0a4d2f718a93a45bf780820
0.004549,0.003433,0.050913,0.776138,0.043631,-0.209303,-0.593210
0.004420,-0.010222,0.039769,0.992665,-0.004497,-0.108386,-0.053373
-0.000612,0.004092,0.041730,0.753773,0.010256,-0.010744,0.656967
-0.011539,0.016940,0.045037,-0.365965,0.034137,0.006556,0.929979
0.016127,-0.001034,0.040979,0.324553,0.025518,0.043030,0.944544
-0.015237,0.025062,0.036842,0.975759,-0.087742,-0.027842,0.198546
-0.005304,-0.023645,0.041921,-0.194009,0.001387,0.039893,0.980187
b811555ccf5ef6c4948fa2daa427fe1f
-0.015692,-0.003636,0.044999,0.752369,-0.027451,-0.068265,0.654620
-0.013551,0.003439,0.044974,-0.623641,0.059758,-0.043477,0.778210
-0.002559,-0.022307,0.035653,0.929649,-0.009927,-0.053103,-0.364464
-0.010062,0.000248,0.041490,-0.082631,0.046863,0.004320,0.995468
-0.009729,-0.039931,0.035254,-0.113006,0.030789,0.028574,0.992706
-0.009153,-0.006078,0.038120,0.986102,0.073960,-0.025377,0.146594
0.006282,-0.020213,0.036847,0.384811,0.224973,0.087393,0.890882
box005
0.006259,0.021347,0.126759,0.893196,0.106501,-0.305737,0.312064
-0.001377,-0.002173,0.145509,0.968954,0.019939,-0.109626,-0.220708
-0.008560,-0.008172,0.149699,0.888178,0.009608,-0.041035,0.457562
-0.003833,0.007924,0.146178,0.178933,0.004603,-0.018695,0.983673
0.000166,0.001298,0.148050,0.715805,-0.005178,-0.012448,-0.698170
-0.000312,-0.002103,0.150471,-0.274729,0.253776,0.063143,0.925276
0.001085,-0.007116,0.151605,0.563958,0.217794,-0.198829,0.771352
box007
-0.002191,0.053452,0.100996,0.065571,0.108457,-0.036979,0.991247
-0.001549,0.054672,0.099507,0.998126,0.009388,-0.014746,-0.058649
-0.001272,-0.039280,0.099554,0.044122,0.130039,0.003457,0.990521
-0.001805,-0.039552,0.089103,0.993344,-0.018346,-0.010773,-0.113206
-0.001803,0.014616,0.095556,0.987253,-0.026827,-0.044630,0.150399
-0.001381,0.013104,0.098976,-0.118631,0.059038,0.050064,0.989917
-0.003960,0.043015,0.097624,0.567253,0.037168,-0.092824,0.817451
-0.003533,-0.028902,0.109178,0.901813,0.104856,-0.254630,0.333020
-0.003930,-0.041111,0.106321,0.564787,0.335393,-0.262906,0.706688
-0.001671,-0.042619,0.100272,-0.452814,0.006274,0.022208,0.891307
-0.000454,0.059050,0.100786,0.810141,-0.049985,-0.007763,-0.584049
-0.002024,-0.065863,0.093872,0.906942,-0.013329,-0.098667,0.409321
-0.001361,0.058087,0.087461,0.216994,0.550520,-0.146352,0.792731
-0.001103,0.062723,0.098550,0.608650,-0.397369,-0.490293,-0.480890
-0.002544,-0.049874,0.088348,-0.177278,0.602102,0.142138,0.765403
-0.001226,0.062410,0.098639,-0.360377,0.403411,0.151229,0.827356
-0.000512,-0.039310,0.088853,0.807689,-0.186453,-0.348336,-0.437649
-0.003364,-0.047649,0.088548,0.712405,0.081329,-0.692127,0.082617
0.000875,0.064179,0.096559,0.734879,0.139450,-0.644534,0.158373
-0.001438,0.057510,0.087469,0.604517,0.388016,-0.416314,0.557392
-0.005108,0.016467,0.100440,-0.706430,0.028495,-0.022285,0.706858
0.000115,-0.072525,0.077013,0.041522,0.179063,-0.049071,0.981735
box016
-0.000691,0.015954,0.139498,-0.066971,0.102446,-0.006208,0.992462
-0.003268,0.017989,0.141348,0.999744,-0.015387,-0.010985,-0.012449
0.003391,0.012399,0.135242,0.852477,0.111789,-0.164673,0.483393
-0.003052,-0.022188,0.139835,0.998767,-0.030160,-0.025251,-0.030292
-0.002752,-0.024666,0.142053,-0.060962,0.040001,-0.017317,0.997188
0.000561,0.021924,0.139422,0.486464,0.137043,-0.110130,0.855829
0.000176,0.037865,0.122829,0.858324,0.025052,-0.508991,0.059841
-0.002475,0.009914,0.145053,0.838173,-0.009129,-0.002373,-0.545324
0.000131,0.055434,0.131233,-0.070114,0.110673,0.045490,0.990336
0.002809,-0.001781,0.131012,0.837496,-0.030347,-0.543676,-0.045783
0.005763,-0.035925,0.146180,0.478694,-0.004865,-0.043759,0.876877
0.005017,-0.033983,0.130958,0.840744,-0.131634,-0.238818,-0.467748
0.001480,0.000069,0.142890,-0.503149,0.493483,0.463663,0.536967
0.003337,0.003382,0.132171,0.529177,0.466466,-0.466474,0.533651
0.002324,0.003205,0.146497,-0.106936,0.653566,0.077959,0.745210
-0.007303,-0.025104,0.147572,0.862236,-0.043972,-0.072103,0.499416
0.002668,-0.031129,0.143654,-0.552348,0.081966,-0.013168,0.829470
-0.006086,0.053186,0.122281,0.992731,-0.120098,-0.003178,-0.007202
cylinder002
-0.002542,0.000690,0.092152,0.939086,-0.048013,-0.010457,-0.340150
-0.002432,0.000595,0.088693,0.414426,-0.000315,-0.001881,0.910081
0.000221,0.001296,0.091569,-0.259040,0.028921,0.002556,0.965430
0.000074,0.001529,0.094733,0.972706,-0.003888,-0.009770,0.231802
0.008654,-0.007012,0.090155,-0.647477,0.021899,0.245355,0.721176
cylinder005
0.001259,0.000700,0.110008,-0.398995,0.040660,0.014506,0.915936
0.007410,0.008232,0.106292,0.920655,-0.044336,-0.036476,0.386133
0.000470,-0.000808,0.108682,0.433531,0.032788,-0.024068,0.900220
0.008454,0.006068,0.105256,0.839785,-0.043465,0.011892,-0.541045
cylinder012
0.000620,-0.004364,0.135732,0.795981,0.079680,-0.095675,0.592378
-0.001231,-0.001130,0.136138,0.993871,0.012409,-0.109332,0.010646
-0.000495,-0.003737,0.129840,-0.537874,0.004451,0.021374,0.842743
0.000513,0.001952,0.130667,-0.038194,0.029297,-0.023864,0.998556
cylinder016
-0.004099,0.000668,0.100207,0.965440,0.009407,-0.052952,0.255016
0.003282,-0.002944,0.101642,0.476959,0.048010,-0.042206,0.876598
-0.004147,-0.000012,0.107663,0.949591,-0.044920,-0.081743,-0.299296
-0.008591,0.007065,0.102057,-0.027808,0.001541,-0.019770,0.999417
0.001285,-0.001232,0.100863,-0.649087,0.009954,0.000198,0.760649
d7bae7b7eb02ac371082f2ea630bf69e
-0.002217,-0.000426,0.123231,0.874100,-0.030618,-0.047153,-0.482482
-0.000074,-0.001576,0.122196,0.795343,-0.003008,-0.052892,0.603840
0.000410,0.007812,0.118376,0.354686,-0.022276,-0.082310,0.931089
-0.002408,-0.001222,0.121607,0.996707,0.003512,-0.072554,0.036035
-0.002950,-0.007294,0.118183,-0.502914,0.030230,0.025698,0.863425
db8eb94d24f5d8a2350dd0b332d84c76
-0.015887,0.001518,0.045094,-0.646719,0.004300,0.014315,0.762582
-0.016561,-0.000861,0.046680,0.710995,0.014909,-0.045444,0.701569
-0.057531,-0.001851,0.039249,-0.662795,0.108739,0.063707,0.738119
0.024336,0.002223,0.040874,-0.600760,0.035542,0.053800,0.796825
-0.026393,-0.000909,0.051248,0.826841,0.103442,-0.509938,0.213535
0.026344,-0.000994,0.043264,0.692409,0.014265,0.005917,0.721340
-0.061816,-0.001290,0.045753,0.806986,-0.012374,-0.091874,0.583249
-0.032312,-0.001980,0.044469,0.264395,0.263299,-0.123788,0.919481
-0.046342,0.000809,0.049667,0.700434,-0.330244,-0.453753,-0.440952
-0.065174,-0.001152,0.052373,0.993133,-0.091395,-0.066647,-0.029875
-0.002842,0.000266,0.044221,0.915157,-0.069782,-0.185268,-0.351131
-0.032519,-0.001918,0.044881,-0.333438,0.491396,0.183335,0.783414
-0.029592,-0.002034,0.044959,0.490079,0.493275,-0.429468,0.576246
df1d8567cf192c61b2cc746911f13ff9
0.000465,0.004832,0.107690,-0.624862,0.044650,0.043164,0.778261
0.000476,0.004221,0.110266,0.814223,0.003567,-0.015483,0.580335
0.000508,0.005509,0.106733,0.994469,0.007296,-0.104321,0.009727
0.005829,-0.003855,0.105425,-0.071129,0.022449,0.035470,0.996583
0.002093,0.003936,0.102518,0.403863,0.155861,-0.118955,0.893561
-0.006784,-0.002942,0.111037,0.833687,-0.154690,-0.328451,-0.416120
-0.004221,-0.001561,0.112238,0.720765,0.226440,-0.586747,0.291462
-0.003999,-0.000944,0.109296,-0.044289,0.545091,0.009493,0.837153
-0.001007,0.002032,0.113983,0.452052,0.518868,-0.392862,0.609987
-0.003609,-0.001582,0.109224,-0.484525,0.471308,0.323161,0.662323
e1a25cabcd4b233bb4c86e56e2f0dc0c
-0.061954,-0.000849,0.049576,0.715977,-0.065586,0.033823,-0.694213
-0.058667,-0.000172,0.046878,0.728943,-0.037089,-0.064007,0.680566
-0.001890,0.001053,0.042030,0.777172,-0.046417,-0.062508,-0.624454
0.005971,0.000626,0.040996,0.706918,0.018359,0.008186,0.707010
0.043367,0.003796,0.040396,-0.631900,0.036927,0.116681,0.765326
0.045328,0.006639,0.033634,0.748113,0.114662,0.096961,0.646357
e377d5ec816e676a80c8cbe2f1a7729e
0.002408,0.004608,0.132173,0.197821,0.079835,-0.088915,0.972927
0.004091,0.000391,0.126370,0.996788,-0.000075,-0.000259,0.080090
0.001943,-0.000216,0.134498,-0.319673,0.112199,0.018434,0.940681
0.002165,-0.001166,0.129583,0.768381,0.013805,0.008659,0.639786
0.000137,-0.000233,0.130948,0.760235,-0.109986,-0.111760,-0.630441
ec0b0762f86fec75ea5c8893f2a203a5
0.000721,-0.000053,0.127892,-0.499137,0.048179,0.011837,0.865102
0.000710,0.001511,0.124655,0.834165,-0.026491,-0.023886,0.550360
0.000979,-0.000232,0.126130,0.136453,0.022204,-0.033846,0.989819
0.002371,-0.000590,0.127498,0.989918,-0.030928,-0.004755,-0.138145
f47765d3d57f4ea8e0ed4664c59dfd1
-0.008341,0.000288,0.048024,0.720742,-0.021108,-0.024965,-0.692432
-0.005588,0.004781,0.045713,0.656848,0.003316,0.002054,0.754013
-0.063542,0.003115,0.047003,0.818336,0.059101,-0.023120,0.571226
-0.064581,0.000247,0.044230,-0.572724,-0.021206,0.072571,0.816254
0.043299,0.002292,0.050025,0.748928,-0.099848,-0.141127,-0.639703
0.033563,0.007560,0.032033,0.554015,0.037324,-0.039826,0.830716
-0.050588,0.004807,0.049189,0.421883,0.003250,-0.007475,0.906614
-0.051373,0.005110,0.047990,0.906494,-0.011005,-0.004452,-0.422052
0.043287,-0.001894,0.047446,0.957213,0.053877,-0.258250,-0.118942
-0.021634,-0.000634,0.055365,-0.238260,0.026325,0.024037,0.970547
f9c2bc7b4ef896e7146ff63b4c7525d9
-0.036000,0.001750,0.053434,0.684192,0.023806,0.013806,0.728783
-0.035338,0.002113,0.053857,0.722966,-0.001223,-0.036872,-0.689897
0.005197,0.000753,0.059753,0.716773,0.101044,-0.069073,0.686480
0.004288,0.000389,0.059986,-0.675045,0.015415,0.038222,0.736625
-0.029168,0.003073,0.055933,0.972453,0.015430,-0.107536,0.206236
-0.036757,0.001577,0.050429,-0.218837,0.426634,0.055169,0.875814
-0.032963,0.006232,0.058444,0.335007,0.536249,-0.244315,0.735199
-0.028791,0.005015,0.056639,0.616032,-0.364866,-0.396311,-0.574731
-0.028426,0.004758,0.056432,0.670589,0.247332,-0.651532,0.254251
-0.051518,-0.000336,0.058017,0.035759,-0.001338,-0.050149,0.998101
f9cf0ccfcb21c2e7899c1686868c4bc
0.052638,0.005321,0.038203,0.709157,0.009289,-0.008469,0.704938
0.050566,0.003916,0.035217,-0.666848,0.026782,0.034580,0.743909
-0.009722,0.004674,0.037053,0.742692,-0.002679,-0.006874,-0.669592
-0.005645,0.001441,0.036490,0.709431,-0.001541,-0.010406,0.704697
-0.055325,-0.000729,0.034498,-0.651114,0.024301,0.060522,0.756173
-0.055250,0.000617,0.031379,0.726926,0.012649,0.001365,0.686598
0.053528,0.009157,0.031576,0.927767,0.039753,-0.302866,0.214336
0.053472,0.005068,0.034862,-0.131233,0.055603,-0.000410,0.989791
0.044710,-0.001523,0.032900,0.936508,0.017605,-0.148583,-0.317122
0.061653,0.004986,0.029404,0.430518,0.534578,-0.331287,0.647402
fa23aa60ec51c8e4c40fe5637f0a27e1
0.000101,-0.002787,0.027915,0.639625,0.020326,0.006164,0.768394
0.008710,-0.011871,0.026371,-0.646439,-0.126603,0.171827,0.732505
0.012946,-0.009042,0.027011,0.928992,0.217032,-0.073893,-0.290534
0.012637,-0.009604,0.026335,0.910359,0.209446,0.059053,0.351982
0.009128,0.005737,0.029697,0.164658,0.043300,-0.025539,0.985069
fbdd057b52aa6eee198795cc15e06e56
0.000243,-0.004141,0.125371,0.628484,0.007136,-0.007384,0.777755
0.000626,-0.002481,0.123366,0.770451,-0.019743,-0.011118,-0.637096
0.000343,-0.001132,0.121138,0.150461,0.037458,-0.015194,0.987789
-0.000037,-0.001425,0.122630,0.985953,-0.011856,-0.002150,-0.166585
0.001720,-0.007220,0.121151,0.934907,0.062932,0.013425,0.349010
fd9c40cd2ff2aab4a843bb865a04c01a
0.028961,-0.009431,0.061425,0.785302,0.152628,-0.157625,-0.578930
-0.032963,0.004079,0.068143,-0.665485,-0.008808,0.057997,0.744102
-0.034459,0.004706,0.067112,0.731641,0.045318,0.027994,0.679606
-0.009528,-0.022459,0.066945,-0.146378,0.085257,0.028651,0.985131
-0.000625,0.037095,0.068168,0.998415,-0.007570,-0.053795,0.014706
0.003449,0.031820,0.068774,0.012105,0.010032,-0.021897,0.999637
0.023771,-0.008323,0.051910,0.526101,0.093319,0.140231,0.833573
-0.008009,-0.009877,0.066455,0.976485,0.059559,0.009468,0.206978
ffb4e07d613b6a62bbfa57fc7493b378
-0.057794,-0.000811,0.041545,-0.701328,0.007033,0.041153,0.711615
-0.059070,0.003610,0.042277,0.727849,0.054702,0.037123,0.682544
-0.018879,0.003532,0.042784,0.761145,0.013436,-0.035784,0.647455
-0.014002,-0.000124,0.039433,-0.646932,0.000031,0.007541,0.762511
0.047086,0.002564,0.040175,-0.672733,0.037349,0.042240,0.737733
0.030474,0.002571,0.044375,0.757398,0.030539,0.018136,0.651987
0.008516,0.003796,0.042844,-0.351813,0.426644,0.205605,0.807421
-0.002390,-0.000410,0.046372,0.844063,-0.088256,-0.504223,-0.159773
0.004791,-0.004177,0.044226,0.142071,0.545969,-0.070589,0.822649
0.002742,-0.003732,0.038882,0.453067,0.533865,-0.417509,0.579142
0.005880,-0.004001,0.047351,0.680620,0.217893,-0.663486,0.221506
0.010907,0.002066,0.037805,0.575265,-0.415235,-0.529572,-0.464977
0.068733,0.003605,0.032518,0.744038,0.158520,0.108991,0.639843
0.049638,0.005330,0.040321,0.953843,0.083958,-0.191838,0.215249
0.042492,0.002704,0.043589,-0.071584,0.013163,0.080425,0.994100
0.050121,-0.007796,0.031191,0.872122,-0.007203,-0.348581,-0.343283
